## functions
absolute_thresholds_dict <- list(
  "IGHV1-18G1" = c(
    "V1-18*01" = 0.001,
    "V1-18*04" = 0.001,
    "V1-18*03" = 0.0001,
    "V1-18*01_T189G" = 1e-04,
    "V1-18*01_A190G" = 1e-04,
    'V1-18*01_A196G' = 1e-04
  ),
  "IGHV1-2G2" = c(
    "V1-2*02" = 0.001,
    "V1-2*04" = 0.0001,
    "V1-2*05" = 0.0001,
    "V1-2*06" = 0.001,
    "V1-2*07" = 0.0001,
    'V1-2*01' = 1e-04,
    'V1-2*03' = 1e-04,
    'V1-2*04_A119C' = 1e-04,
    'V1-2*02_A85C' = 1e-04,
    'V1-2*04_A85C' = 1e-04,
    'V1-2*02_T174C' = 1e-04,
    'V1-2*06_T174C' = 1e-04
  ),
  "IGHV1-24G3" = c("V1-24*01" = 0.0001),
  "IGHV1-3G4" = c(
    "V1-3*01" = 0.0001,
    "V1-3*02" = 0.0001,
    "V1-3*04"  = 0.001,
    "V1-3*05" = 0.0001,
    'V1-3*03' = 1e-04
  ),
  "IGHV1-45G5" = c(
    "V1-45*02" = 0.0001,
    "V1-45*03" = 0.0001,
    'V1-45*01' = 1e-04
  ),
  "IGHV1-46G6" = c(
    "V1-46*01" = 0.001,
    "V1-46*02" = 0.0001,
    "V1-46*03" = 0.001,
    "V1-46*04" = 0.001,
    'V1-46*01_A103C' = 1e-04,
    'V1-46*01_A119C' = 1e-04
  ),
  "IGHV1-58G7" = c(
    "V1-58*01" = 0.0001,
    "V1-58*02" = 0.0001,
    "V1-58*03" = 0.001
  ),
  "IGHV1-69G8" = c(
    "V1-69D*01" = 0.001,
    "V1-69*01" = 0.001,
    "V1-69*06" = 0.001,
    "V1-69*09" = 0.001,
    "V1-69*04" = 0.001,
    "V1-69*02" = 0.001,
    "V1-69*04_C184T" = 0.001,
    "V1-69*18" = 0.001,
    "V1-69*19" = 0.0001,
    "V1-69*14" = 0.001,
    "V1-69*12" = 0.001,
    "V1-69*05" = 0.001,
    "V1-69*13" = 0.001,
    "V1-69*10" = 0.001,
    "V1-69*17" = 0.001,
    "V1-69*08" = 0.001,
    "V1-69*15" = 0.001,
    'V1-69*10_A54G' = 1e-04,
    'V1-69*02_A18G_A244G' = 1e-04,
    'V1-69*04_G48A_A163G_A244G' = 1e-04,
    'V1-69*10_A225G' = 1e-04,
    'V1-69*04_A225G' = 1e-04,
    'V1-69*01_G54A' = 1e-04,
    'V1-69*05_G54A' = 1e-04,
    'V1-69*01_A316G' = 1e-04,
    'V1-69*04_T191C' = 1e-04,
    'V1-69*01_C26T' = 1e-04,
    'V1-69*04_A163G' = 1e-04,
    'V1-69*14_G240A' = 1e-04,
    'V1-69*06_G240A' = 1e-04,
    'V1-69*04_A85C' = 1e-04,
    'V1-69*16' = 1e-04,
    'V1-69*11' = 1e-04,
    'V1-69*03' = 1e-04
  ),
  "IGHV1-69-2G9" = c("V1-69-2*01" = 0.0001),
  "IGHV1-8G10" = c(
    "V1-8*01" = 0.0001,
    "V1-8*02" = 0.001,
    "V1-8*03" = 0.001
  ),
  "IGHV2-26G11" = c(
    "V2-26*01" = 0.0001,
    "V2-26*02" = 0.0001,
    "V2-26*03" = 0.0001,
    "V2-26*04" = 0.0001
  ),
  "IGHV2-5G12" = c(
    "V2-5*01" = 0.001,
    "V2-5*02" = 0.0005,
    "V2-5*04" = 0.001,
    "V2-5*05" = 0.001,
    "V2-5*08" = 0.001,
    'V2-5*06' = 1e-04,
    'V2-5*09' = 1e-04
  ),
  "IGHV2-70G13" = c(
    "V2-70*01" = 0.0001,
    "V2-70*13" = 0.001,
    "V2-70*15" = 0.0001,
    "V2-70*17" = 0.0001,
    "V2-70*20" = 0.0001,
    "V2-70D*04" = 0.007,
    "V2-70*04" = 0.007,
    'V2-70D*14' = 1e-04,
    'V2-70*19' = 1e-04,
    'V2-70*18' = 1e-04,
    'V2-70*16' = 1e-04,
    'V2-70*12' = 1e-04,
    'V2-70*11' = 1e-04,
    'V2-70*10' = 1e-04,
    'V2-70*08' = 1e-04,
    'V2-70*07' = 1e-04,
    'V2-70*06' = 1e-04,
    'V2-70*03' = 1e-04,
    'V2-70*02' = 1e-04
  ),
  "IGHV3-11G14" = c(
    "V3-11*01" = 0.001,
    "V3-11*04" = 0.001,
    "V3-11*05" = 0.001,
    "V3-11*06" = 0.0001,
    'V3-11*03' = 1e-04,
    'V3-11*01_A152G' = 1e-04,
    'V3-11*05_A152G' = 1e-04,
    'V3-11*01_A85C' = 1e-04,
    'V3-11*06_A152G' = 1e-04
  ),
  "IGHV3-13G15" = c(
    "V3-13*01" = 0.001,
    "V3-13*04" = 0.0001,
    "V3-13*05" = 0.0001,
    "V3-13*03" = 0.001,
    'V3-13*02' = 1e-04,
    'V3-13*01_G290A_T300C' = 1e-04,
    'V3-13*04_A85C' = 1e-04
  ),
  "IGHV3-15G16" = c(
    "V3-15*01" = 0.0001,
    "V3-15*01_A313T" = 0.001,
    "V3-15*02" = 0.0001,
    "V3-15*04" = 0.001,
    "V3-15*05" = 0.001,
    "V3-15*07" = 0.0001,
    'V3-15*03' = 1e-04,
    'V3-15*06' = 1e-04,
    'V3-15*08' = 1e-04,
    'V3-15*01_A152G' = 1e-04,
    'V3-15*01_A85C' = 1e-04,
    'V3-15*07_A152G' = 1e-04
  ),
  "IGHV3-20G17" = c(
    "V3-20*01" = 0.0001,
    "V3-20*04" = 0.0001,
    'V3-20*04_A152G' = 1e-4
  ),
  "IGHV3-21G18" = c(
    "V3-21*01" = 0.001,
    "V3-21*02" = 0.001,
    "V3-21*03" = 0.001,
    "V3-21*04" = 0.001,
    "V3-21*06" = 0.001,
    "V3-21*01_A184G_T190A_A191C" = 0.001,
    "V3-21*05" = 0.001,
    'V3-21*01_A85C' = 1e-04,
    'V3-21*01_A152G' = 1e-04,
    'V3-21*01_A152G_G278C' = 1e-04,
    'V3-21*01_G278C' = 1e-04,
    'V3-21*01_C34T_A40C_C90T_A112T_C114G_A119G_A210C' = 1e-04,
    'V3-21*01_A131C' = 1e-04
  ),
  "IGHV3-23G19" = c(
    "V3-23D*01" = 0.001,
    "V3-23*01" = 0.001,
    "V3-23*04" = 0.001,
    'V3-23*01_A131C' = 1e-04,
    'V3-23*01_A303G' = 1e-04,
    'V3-23*01_T158G' = 1e-04,
    'V3-23*01_G239T' = 1e-04,
    'V3-23*01_T154G' = 1e-04,
    'V3-23*01_A118C' = 1e-04,
    'V3-23*01_A118G' = 1e-04,
    'V3-23*04_A152G' = 1e-04,
    'V3-23*01_A152G' = 1e-04,
    'V3-23*01_A85C' = 1e-04,
    'V3-23*05' = 1e-04,
    'V3-23*03' = 1e-04,
    'V3-23*02' = 1e-04
  ),
  "IGHV3-30G20" = c(
    "V3-30-3*01" = 0.0001,
    "V3-33*01" = 0.0001,
    "V3-30*03" = 0.0001,
    "V3-30-3*03" = 0.001,
    "V3-30*04" = 0.001,
    "V3-33*06" = 0.001,
    "V3-30*01" = 0.0001,
    "V3-30*10" = 0.001,
    "V3-30*11" = 0.0001,
    "V3-33*08" = 0.001,
    "V3-30*02_G49A" = 0.001,
    "V3-30*19_T189C" = 0.0001,
    "V3-30*16" = 0.001,
    "V3-30*14" = 0.0001,
    "V3-33*05" = 0.001,
    "V3-30*07" = 0.001,
    "V3-30-3*02" = 0.0001,
    "V3-30*09" = 0.0001,
    "V3-33*03" = 0.0001,
    "V3-30*15" = 0.0001,
    "V3-30*19" = 0.0001,
    'V3-30-5*02' = 1e-04,
    'V3-30-5*01' = 1e-04,
    'V3-30*18_C75G' = 1e-04,
    'V3-30-3*01_A131C' = 1e-04,
    'V3-30*18_A131C' = 1e-04,
    'V3-30*04_T158G' = 1e-04,
    'V3-33*01_T158G' = 1e-04,
    'V3-30-3*01_T158G' = 1e-04,
    'V3-30*18_T158G' = 1e-04,
    'V3-30*18_T167C' = 1e-04,
    'V3-30*04_A119C' = 1e-04,
    'V3-30-3*01_T154G' = 1e-04,
    'V3-30-3*01_A119C' = 1e-04,
    'V3-33*01_A119C' = 1e-04,
    'V3-30*01_A119C' = 1e-04,
    'V3-30*02_A275G' = 1e-04,
    'V3-30*18_G113C_C114T' = 1e-04,
    'V3-30*04_C201T' = 1e-04,
    'V3-30*04_A152G' = 1e-04,
    'V3-30-3*01_A152G' = 1e-04,
    'V3-30*04_T154G' = 1e-04,
    'V3-33*08_A152G' = 1e-04,
    'V3-33*01_T154G' = 1e-04,
    'V3-33*01_A85C' = 1e-04,
    'V3-30*02_A152G' = 1e-04,
    'V3-30*18_A152G' = 1e-04,
    'V3-30*18_T154G' = 1e-04,
    'V3-33*01_A152G' = 1e-04,
    'V3-30*18_A85C' = 1e-04,
    'V3-33*07' = 1e-04,
    'V3-33*04' = 1e-04,
    'V3-33*02' = 1e-04,
    'V3-30*18' = 1e-04,
    'V3-30*17' = 1e-04,
    'V3-30*13' = 1e-04,
    'V3-30*12' = 1e-04,
    'V3-30*08' = 1e-04,
    'V3-30*06' = 1e-04,
    'V3-30*05' = 1e-04,
    'V3-30*02' = 1e-04
  ),
  "IGHV3-35G21" = c("V3-35*02" = 0.0001),
  "IGHV3-43G22" = c(
    "V3-43*02" = 0.0001,
    "V3-43D*04_G4A" = 0.0001,
    "V3-43*01" = 0.0001,
    "V3-43D*03" = 0.0001,
    "V3-43D*04" = 0.0001,
    'V3-43*01_T177A' = 1e-04,
    'V3-43*01_A85C' = 1e-04
  ),
  "IGHV3-48G23" = c(
    "V3-48*03" = 0.001,
    "V3-48*02" = 0.001,
    "V3-48*01" = 0.001,
    "V3-48*04" = 0.001,
    'V3-48*02_A85C' = 1e-04,
    'V3-48*03_A85C' = 1e-04,
    'V3-48*03_T154G' = 1e-04,
    'V3-48*01_A85C' = 1e-04,
    'V3-48*02_T154G' = 1e-04,
    'V3-48*03_A152G' = 1e-04,
    'V3-48*01_T154G' = 1e-04,
    'V3-48*02_A152G' = 1e-04,
    'V3-48*04_A152G' = 1e-04,
    'V3-48*01_A152G' = 1e-04,
    'V3-48*01_A39C' = 1e-04
  ),
  "IGHV3-49G24" = c(
    "V3-49*05" = 0.0001,
    "V3-49*04" = 0.0001,
    "V3-49*03" = 0.0001,
    'V3-49*01' = 1e-04,
    'V3-49*02' = 1e-04,
    'V3-49*04_A152G' = 1e-04,
    'V3-49*05_A152G' = 1e-04,
    'V3-49*03_A152G' = 1e-04
  ),
  "IGHV3-53G25" = c(
    "V3-53*01" = 0.0001,
    "V3-53*04" = 0.0001,
    "V3-66*01" = 0.0001,
    "V3-66*04" = 0.0001,
    "V3-66*02" = 0.0001,
    "V3-53*02" = 0.001,
    "V3-66*03" = 0.0001,
    "V3-66*02_G303A" = 0.0001,
    'V3-53*04_C241G_G273A_C300T' = 1e-04,
    'V3-66*02_T158G' = 1e-04,
    'V3-66*01_A193G' = 1e-04,
    'V3-53*04_G81A' = 1e-04,
    'V3-66*02_G51T' = 1e-04,
    'V3-53*04_G37A' = 1e-04,
    'V3-53*02_G88A' = 1e-04,
    'V3-66*02_A152G' = 1e-04,
    'V3-66*01_A152G' = 1e-04,
    'V3-53*01_A118C' = 1e-04,
